%YAML:1.0
---
calibration_time: "Παρ 18 Οκτ 2019 01:26:16 μμ EEST"
nframes: 1
image_width: 1280
image_height: 720
board_width: 9
board_height: 6
square_size: 2.0999999716877937e-02
aspectRatio: 1.
flags: 2
camera_matrix: !!opencv-matrix
   rows: 3
   cols: 3
   dt: d
   data: [ 4.8269012530353416e+02, 0., 6.0639240072685561e+02, 0.,
       4.8269012530353416e+02, 3.4752374435806422e+02, 0., 0., 1. ]
distortion_coefficients: !!opencv-matrix
   rows: 5
   cols: 1
   dt: d
   data: [ -1.7625400977066977e-01, 5.5471465341686406e-02,
       4.4876515282945657e-03, -3.3833909885898648e-04,
       -1.1640664612649902e-02 ]
avg_reprojection_error: 2.6524043506111922e-01
per_view_reprojection_errors: !!opencv-matrix
   rows: 1
   cols: 1
   dt: f
   data: [ 2.65240431e-01 ]
extrinsic_parameters: !!opencv-matrix
   rows: 1
   cols: 6
   dt: d
   data: [ -4.4265645580961271e-02, 2.8938476545122199e-01,
       -3.0562178557693573e+00, 2.6523069975135577e-01,
       5.6313493111710668e-02, 2.4667155525671886e-01 ]
image_points: !!opencv-matrix
   rows: 1
   cols: 54
   dt: "2f"
   data: [ 1.04701416e+03, 4.43673248e+02, 1.01970471e+03,
       4.42405884e+02, 9.91054077e+02, 4.40973938e+02, 9.60637939e+02,
       4.39529907e+02, 9.29471008e+02, 4.37875580e+02, 8.96207336e+02,
       4.36382904e+02, 8.61724304e+02, 4.34120453e+02, 8.26056396e+02,
       4.32396027e+02, 7.89116333e+02, 4.29809357e+02, 1.05482446e+03,
       4.10562561e+02, 1.02784619e+03, 4.08690887e+02, 9.98729797e+02,
       4.06521332e+02, 9.68564331e+02, 4.04455597e+02, 9.36847717e+02,
       4.02160156e+02, 9.03727356e+02, 3.99833740e+02, 8.68634583e+02,
       3.97557892e+02, 8.32637024e+02, 3.95258118e+02, 7.95277039e+02,
       3.92466064e+02, 1.06249133e+03, 3.76025330e+02, 1.03504651e+03,
       3.73373230e+02, 1.00619916e+03, 3.70662323e+02, 9.75898621e+02,
       3.67813965e+02, 9.44050171e+02, 3.65253021e+02, 9.10386414e+02,
       3.62609100e+02, 8.75430481e+02, 3.59618713e+02, 8.38809875e+02,
       3.56513397e+02, 8.01125549e+02, 3.53619385e+02, 1.06926868e+03,
       3.40834930e+02, 1.04216467e+03, 3.37628632e+02, 1.01289276e+03,
       3.34151398e+02, 9.82843994e+02, 3.30687195e+02, 9.50567993e+02,
       3.27282104e+02, 9.17181763e+02, 3.23608826e+02, 8.81395752e+02,
       3.20150085e+02, 8.44453674e+02, 3.16562592e+02, 8.06494507e+02,
       3.12635864e+02, 1.07612292e+03, 3.05545624e+02, 1.04858423e+03,
       3.01395447e+02, 1.02028021e+03, 2.97362518e+02, 9.89078247e+02,
       2.93030762e+02, 9.56263672e+02, 2.88639252e+02, 9.22443359e+02,
       2.84648438e+02, 8.86971252e+02, 2.80401733e+02, 8.49477905e+02,
       2.76074554e+02, 8.11169800e+02, 2.72029022e+02, 1.08140857e+03,
       2.69569519e+02, 1.05428809e+03, 2.64643921e+02, 1.02515100e+03,
       2.59627930e+02, 9.94844666e+02, 2.54722458e+02, 9.62144775e+02,
       2.49723740e+02, 9.27630127e+02, 2.44627411e+02, 8.91624939e+02,
       2.39958145e+02, 8.54292358e+02, 2.35128876e+02, 8.15803467e+02,
       2.30500412e+02 ]
