%YAML:1.0
---
calibration_time: "Παρ 27 Σεπ 2019 02:28:50 μμ EEST"
nframes: 10
image_width: 640
image_height: 480
board_width: 9
board_height: 6
square_size: 2.0999999716877937e-02
aspectRatio: 1.
flags: 2
camera_matrix: !!opencv-matrix
   rows: 3
   cols: 3
   dt: d
   data: [ 6.6277420786791413e+02, 0., 3.1567539341558489e+02, 0.,
       6.6277420786791413e+02, 2.2674845039663145e+02, 0., 0., 1. ]
distortion_coefficients: !!opencv-matrix
   rows: 5
   cols: 1
   dt: d
   data: [ 2.2193509736256115e-01, -1.5477312781622947e+00,
       -4.0951283874405735e-03, -1.6421550591937918e-03,
       2.6781961354664734e+00 ]
avg_reprojection_error: 3.4384751265971797e-01
per_view_reprojection_errors: !!opencv-matrix
   rows: 10
   cols: 1
   dt: f
   data: [ 3.26801926e-01, 3.96411151e-01, 3.49591315e-01,
       3.74418914e-01, 4.30880517e-01, 2.64984488e-01, 3.22798461e-01,
       3.02966923e-01, 3.74568284e-01, 2.52590925e-01 ]
extrinsic_parameters: !!opencv-matrix
   rows: 10
   cols: 6
   dt: d
   data: [ -4.5051689404786141e-02, -1.3321356201989196e-01,
       -3.1210507224038837e+00, 8.9877826226598942e-02,
       9.8044430157159801e-02, 3.8969555195862893e-01,
       -3.8197702983885855e-02, -1.3188945576212652e-01,
       -3.1210208924752072e+00, 8.9382432717225707e-02,
       9.8728631223849700e-02, 3.9015165942378943e-01,
       6.8267258339925729e-01, -1.9929752180599500e-01,
       -2.9911982420470844e+00, 8.7640609840566819e-02,
       6.7798331949920354e-02, 4.3292925948789446e-01,
       9.9849780133090638e-01, -3.7671264905865731e-01,
       -2.9222939475306680e+00, 9.0620171696002755e-02,
       8.3420026184545595e-02, 3.9238368937534418e-01,
       7.2066043556844950e-01, -7.0862605431009285e-01,
       -2.7688692403780131e+00, 1.7959602970507907e-01,
       1.3569610648616307e-01, 4.1055461787548214e-01,
       -8.1428373993009895e-01, -8.8615048705147970e-01,
       2.7509251767132747e+00, 1.0200203367239033e-01,
       -6.6764667320352985e-03, 5.3242606927733815e-01,
       3.1932283292747049e-01, -1.0084361767612839e+00,
       2.6966816634055797e+00, 1.3129744183074799e-01,
       1.3695082411963868e-02, 4.6993626312542863e-01,
       9.2094705363485807e-01, -1.4634548072308501e-01,
       2.6077965028172527e+00, 1.7263631126340317e-01,
       -1.9525602785793860e-02, 3.6450336414817069e-01,
       6.5660190859911993e-01, -1.0955334720248545e-01,
       2.6978452337315706e+00, 7.9845977950386518e-02,
       -1.4649631442963901e-02, 4.0772533000468159e-01,
       -6.0769760737244820e-02, -2.3846079017264712e-01,
       3.0393428478058069e+00, 1.4507407510909262e-01,
       3.3072289051771592e-02, 5.9736901656205643e-01 ]
image_points: !!opencv-matrix
   rows: 10
   cols: 54
   dt: "2f"
   data: [ 4.68959351e+02, 3.94553192e+02, 4.33110260e+02,
       3.93959229e+02, 3.97328278e+02, 3.92762421e+02, 3.61412781e+02,
       3.91929413e+02, 3.25607483e+02, 3.91325989e+02, 2.90231140e+02,
       3.90269440e+02, 2.54480270e+02, 3.89633636e+02, 2.19022339e+02,
       3.88948059e+02, 1.83984268e+02, 3.88317017e+02, 4.69211395e+02,
       3.58401611e+02, 4.33391144e+02, 3.57303497e+02, 3.97497864e+02,
       3.56483612e+02, 3.61754761e+02, 3.55677643e+02, 3.26302155e+02,
       3.55013123e+02, 2.90773193e+02, 3.53979218e+02, 2.55399292e+02,
       3.53547424e+02, 2.20374878e+02, 3.52935669e+02, 1.84851364e+02,
       3.52401581e+02, 4.69126740e+02, 3.22305725e+02, 4.33391541e+02,
       3.20992065e+02, 3.97671509e+02, 3.20411377e+02, 3.62223572e+02,
       3.19641083e+02, 3.26707062e+02, 3.19031372e+02, 2.92005066e+02,
       3.18103607e+02, 2.56509857e+02, 3.17614868e+02, 2.21384338e+02,
       3.17104065e+02, 1.86181610e+02, 3.16545410e+02, 4.69061737e+02,
       2.86255676e+02, 4.33485260e+02, 2.85176697e+02, 3.97933380e+02,
       2.84529297e+02, 3.62588226e+02, 2.83808777e+02, 3.27562195e+02,
       2.83376190e+02, 2.92560822e+02, 2.82655182e+02, 2.57437683e+02,
       2.81888733e+02, 2.22698944e+02, 2.81492645e+02, 1.87747086e+02,
       2.80885925e+02, 4.69171143e+02, 2.50594849e+02, 4.33588318e+02,
       2.50200668e+02, 3.98295990e+02, 2.49204773e+02, 3.62968292e+02,
       2.48583389e+02, 3.28380341e+02, 2.48102158e+02, 2.93413483e+02,
       2.47572556e+02, 2.58255310e+02, 2.47228653e+02, 2.23750809e+02,
       2.46481659e+02, 1.88825943e+02, 2.45655380e+02, 4.69210754e+02,
       2.15441986e+02, 4.33810364e+02, 2.14828201e+02, 3.98532623e+02,
       2.14454239e+02, 3.63817627e+02, 2.13966522e+02, 3.28705505e+02,
       2.12945740e+02, 2.93931732e+02, 2.12550461e+02, 2.59424011e+02,
       2.12266983e+02, 2.24662933e+02, 2.11657242e+02, 1.90388412e+02,
       2.11321625e+02, 4.67778351e+02, 3.95545471e+02, 4.31906647e+02,
       3.94796844e+02, 3.96131622e+02, 3.94218140e+02, 3.60441010e+02,
       3.92981842e+02, 3.24975708e+02, 3.92296478e+02, 2.89429932e+02,
       3.91626831e+02, 2.53529861e+02, 3.91085052e+02, 2.18293869e+02,
       3.89956055e+02, 1.82620438e+02, 3.89302155e+02, 4.68024719e+02,
       3.59324463e+02, 4.32296265e+02, 3.58506287e+02, 3.96679352e+02,
       3.57739319e+02, 3.61068420e+02, 3.56640839e+02, 3.25457367e+02,
       3.55959473e+02, 2.90119049e+02, 3.55505310e+02, 2.54478760e+02,
       3.54883209e+02, 2.19188828e+02, 3.53944855e+02, 1.84169159e+02,
       3.53367188e+02, 4.67854828e+02, 3.23100006e+02, 4.32360443e+02,
       3.22424744e+02, 3.97036530e+02, 3.21518311e+02, 3.61472565e+02,
       3.20585541e+02, 3.26011047e+02, 3.19971222e+02, 2.90681610e+02,
       3.19509003e+02, 2.55554749e+02, 3.19070251e+02, 2.20505966e+02,
       3.18105225e+02, 1.85287613e+02, 3.17519318e+02, 4.67941772e+02,
       2.87086639e+02, 4.32702209e+02, 2.86481781e+02, 3.97264099e+02,
       2.85709564e+02, 3.61799042e+02, 2.84700165e+02, 3.26569000e+02,
       2.84225708e+02, 2.91876068e+02, 2.83652344e+02, 2.56516937e+02,
       2.83366211e+02, 2.21542740e+02, 2.82684265e+02, 1.87095016e+02,
       2.81720917e+02, 4.68049347e+02, 2.51527420e+02, 4.32897491e+02,
       2.50978882e+02, 3.97531311e+02, 2.50463303e+02, 3.62331329e+02,
       2.49895767e+02, 3.27033051e+02, 2.48882767e+02, 2.92522888e+02,
       2.48545929e+02, 2.57463623e+02, 2.48049194e+02, 2.23105896e+02,
       2.47536102e+02, 1.88109192e+02, 2.47134308e+02, 4.68026886e+02,
       2.16424347e+02, 4.33106934e+02, 2.15696960e+02, 3.97700317e+02,
       2.15396057e+02, 3.62634308e+02, 2.14714005e+02, 3.28074585e+02,
       2.14414185e+02, 2.93311310e+02, 2.13797226e+02, 2.58268524e+02,
       2.13092468e+02, 2.23944244e+02, 2.12627670e+02, 1.89273926e+02,
       2.12149612e+02, 4.51026001e+02, 3.31537354e+02, 4.23960083e+02,
       3.30363495e+02, 3.95598633e+02, 3.29368408e+02, 3.66196075e+02,
       3.28484467e+02, 3.35626343e+02, 3.27094727e+02, 3.03961334e+02,
       3.26158539e+02, 2.70001831e+02, 3.25357880e+02, 2.35259811e+02,
       3.23857605e+02, 1.98101990e+02, 3.22820831e+02, 4.51349365e+02,
       2.98675903e+02, 4.24452606e+02, 2.96815033e+02, 3.96249054e+02,
       2.95455261e+02, 3.67217285e+02, 2.93472382e+02, 3.36873230e+02,
       2.91772217e+02, 3.05342072e+02, 2.89836731e+02, 2.72062744e+02,
       2.87785675e+02, 2.37517227e+02, 2.86285095e+02, 2.00957321e+02,
       2.83817871e+02, 4.51070740e+02, 2.66408112e+02, 4.24410858e+02,
       2.64179657e+02, 3.96785919e+02, 2.62044128e+02, 3.67820892e+02,
       2.59563538e+02, 3.37985321e+02, 2.56862732e+02, 3.06935394e+02,
       2.54242371e+02, 2.74039185e+02, 2.51450623e+02, 2.39592133e+02,
       2.48507889e+02, 2.03577271e+02, 2.45477554e+02, 4.51369690e+02,
       2.34656479e+02, 4.24852234e+02, 2.31857727e+02, 3.97409119e+02,
       2.28893402e+02, 3.68708740e+02, 2.25686203e+02, 3.38970154e+02,
       2.22445984e+02, 3.08237885e+02, 2.18966522e+02, 2.75496460e+02,
       2.15449127e+02, 2.41672180e+02, 2.11968140e+02, 2.05846680e+02,
       2.08207352e+02, 4.51707458e+02, 2.03409241e+02, 4.25209747e+02,
       2.00112350e+02, 3.98158539e+02, 1.96622452e+02, 3.69768738e+02,
